 Scale Factor: 1
Train Scores: [6.0, 6.7, 10.2, 12.6, 12.0, 15.1, 13.2, 12.9, 17.1, 14.7, 15.6, 14.6, 13.7, 12.4, 15.7, 13.5, 14.6, 12.0, 11.6, 13.9]
Validation Scores: [5.3, 7.7, 9.2, 8.4, 9.6, 12.9, 11.4, 11.3, 14.7, 13.0, 11.1, 10.4, 9.6, 11.3, 12.5, 10.8, 12.7, 10.3, 8.8, 10.5]

Scale Factor: 1.2
Train Scores: [7.7, 12.5, 13.0]
Validation Scores: [7.5, 11.4, 10.6]

Scale Factor: 1.4
Train Scores: [7.1, 11.4, 14.9, 13.0, 16.7, 20.2, 20.5, 20.0, 19.3, 19.1, 17.4, 17.3, 17.6, 17.7, 16.6, 15.7, 17.3, 16.8]
Validation Scores: [8.2, 11.8, 13.3, 10.8, 13.1, 13.3, 14.5, 13.4, 13.7, 10.7, 10.3, 10.7, 11.2, 10.5, 9.4, 11.0, 9.1, 10.6]

